#liczba eksperymentów: 4
# nrIte, %OSstanówC, SrStanówC, %OSsredniDochod, SrDochod, %OSkomorekCA, SrKomorekCA, %OSkomorekLA, SrKomorekLA, %OSkomorekDzielacychDochod, SrKomDzielDoch, %OSkAllC, SrKAllC %OSkPC, SrKPC, %OSkAllD, SrKAllD, %OSkK-D, SrKK-D,%OSzmianWChwiliQ, SrZmianWChwiliQ
1 0.0122 0.500 0.0122 0.600 0.000 1.000 0.000 0.000 0.000 0.000 0.0071 0.250 0.000 0.000 0.0071 0.260 0.0122 0.500 0.000 0.000 
2 0.0122 0.500 0.0122 0.600 0.000 1.000 0.000 0.000 0.000 0.000 0.0071 0.250 0.000 0.000 0.0071 0.260 0.0122 0.500 0.000 0.000 
3 0.0158 0.270 0.018 0.310 0.000 1.000 0.000 0.000 0.000 0.000 0.0158 0.270 0.000 0.000 0.0112 0.240 0.0087 0.500 0.0071 0.800 
4 0.0283 0.260 0.0324 0.300 0.000 1.000 0.000 0.000 0.000 0.000 0.0287 0.250 0.000 0.000 0.0173 0.230 0.0394 0.520 0.0166 0.820 
5 0.0381 0.380 0.043 0.410 0.000 1.000 0.000 0.000 0.000 0.000 0.0415 0.360 0.000 0.000 0.0235 0.210 0.0485 0.430 0.0391 0.710 
6 0.0464 0.520 0.0497 0.560 0.000 1.000 0.000 0.000 0.000 0.000 0.0464 0.490 0.000 0.000 0.0235 0.190 0.0464 0.330 0.0577 0.670 
7 0.0497 0.630 0.0527 0.670 0.000 1.000 0.000 0.000 0.000 0.000 0.0485 0.590 0.000 0.000 0.0255 0.160 0.0464 0.250 0.0495 0.620 
8 0.0527 0.710 0.0539 0.740 0.000 1.000 0.000 0.000 0.000 0.000 0.0458 0.660 0.000 0.000 0.0194 0.140 0.0418 0.200 0.0212 0.570 
9 0.0235 0.750 0.026 0.780 0.000 1.000 0.000 0.000 0.000 0.000 0.0206 0.690 0.000 0.000 0.0212 0.150 0.0335 0.160 0.0212 0.520 
10 0.0122 0.780 0.0122 0.810 0.000 1.000 0.000 0.000 0.000 0.000 0.0132 0.720 0.000 0.000 0.0324 0.150 0.026 0.140 0.0071 0.480 
11 0.0212 0.780 0.0173 0.820 0.000 1.000 0.000 0.000 0.000 0.000 0.018 0.720 0.000 0.000 0.0255 0.160 0.018 0.120 0.0212 0.450 
12 0.0194 0.810 0.0194 0.840 0.000 1.000 0.000 0.000 0.000 0.000 0.0206 0.740 0.000 0.000 0.0255 0.150 0.0166 0.110 0.0381 0.430 
13 0.0212 0.800 0.0132 0.830 0.000 1.000 0.000 0.000 0.000 0.000 0.0194 0.740 0.000 0.000 0.0265 0.170 0.0173 0.100 0.0415 0.410 
14 0.0296 0.820 0.024 0.850 0.000 1.000 0.000 0.000 0.000 0.000 0.024 0.750 0.000 0.000 0.0308 0.160 0.0158 0.100 0.0367 0.410 
15 0.0308 0.810 0.025 0.840 0.000 1.000 0.000 0.000 0.000 0.000 0.0265 0.750 0.000 0.000 0.0335 0.170 0.0112 0.090 0.0507 0.390 
16 0.0308 0.820 0.0255 0.850 0.000 1.000 0.000 0.000 0.000 0.000 0.0274 0.750 0.000 0.000 0.0278 0.160 0.0122 0.090 0.0527 0.400 
17 0.0354 0.810 0.0308 0.840 0.000 1.000 0.000 0.000 0.000 0.000 0.0339 0.750 0.000 0.000 0.0308 0.170 0.0122 0.090 0.0524 0.400 
18 0.024 0.820 0.024 0.850 0.000 1.000 0.000 0.000 0.000 0.000 0.0292 0.760 0.000 0.000 0.0265 0.170 0.0158 0.080 0.0557 0.400 
19 0.0229 0.810 0.018 0.850 0.000 1.000 0.000 0.000 0.000 0.000 0.0255 0.760 0.000 0.000 0.024 0.170 0.0158 0.080 0.0482 0.390 
20 0.0255 0.810 0.0255 0.840 0.000 1.000 0.000 0.000 0.000 0.000 0.0269 0.740 0.000 0.000 0.0255 0.180 0.015 0.070 0.0464 0.400 
21 0.0265 0.800 0.0212 0.840 0.000 1.000 0.000 0.000 0.000 0.000 0.0255 0.750 0.000 0.000 0.0274 0.180 0.0187 0.070 0.051 0.400 
22 0.018 0.810 0.0122 0.850 0.000 1.000 0.000 0.000 0.000 0.000 0.0229 0.750 0.000 0.000 0.018 0.180 0.015 0.070 0.0477 0.400 
23 0.024 0.800 0.0212 0.840 0.000 1.000 0.000 0.000 0.000 0.000 0.0255 0.740 0.000 0.000 0.0265 0.190 0.0187 0.080 0.0377 0.390 
24 0.0212 0.820 0.0194 0.850 0.000 1.000 0.000 0.000 0.000 0.000 0.0255 0.750 0.000 0.000 0.0212 0.180 0.015 0.070 0.0482 0.400 
25 0.0229 0.800 0.0212 0.840 0.000 1.000 0.000 0.000 0.000 0.000 0.0255 0.740 0.000 0.000 0.0274 0.190 0.0218 0.070 0.0406 0.400 
26 0.020 0.820 0.0132 0.850 0.000 1.000 0.000 0.000 0.000 0.000 0.0224 0.760 0.000 0.000 0.018 0.170 0.015 0.070 0.0458 0.410 
27 0.0255 0.800 0.0212 0.840 0.000 1.000 0.000 0.000 0.000 0.000 0.0224 0.740 0.000 0.000 0.0304 0.190 0.015 0.070 0.040 0.390 
28 0.0235 0.820 0.015 0.850 0.000 1.000 0.000 0.000 0.000 0.000 0.026 0.750 0.000 0.000 0.0245 0.180 0.0122 0.070 0.0458 0.410 
29 0.0278 0.800 0.020 0.830 0.000 1.000 0.000 0.000 0.000 0.000 0.0255 0.740 0.000 0.000 0.0274 0.200 0.0187 0.070 0.0391 0.390 
30 0.0212 0.800 0.0194 0.840 0.000 1.000 0.000 0.000 0.000 0.000 0.026 0.740 0.000 0.000 0.0212 0.190 0.0122 0.070 0.0458 0.420 
31 0.0265 0.800 0.024 0.830 0.000 1.000 0.000 0.000 0.000 0.000 0.026 0.730 0.000 0.000 0.0274 0.200 0.0194 0.070 0.0415 0.400 
32 0.018 0.810 0.0158 0.840 0.000 1.000 0.000 0.000 0.000 0.000 0.025 0.750 0.000 0.000 0.018 0.180 0.0158 0.070 0.0458 0.420 
33 0.0265 0.800 0.018 0.830 0.000 1.000 0.000 0.000 0.000 0.000 0.025 0.730 0.000 0.000 0.024 0.200 0.0173 0.070 0.0354 0.400 
34 0.0187 0.810 0.015 0.840 0.000 1.000 0.000 0.000 0.000 0.000 0.0255 0.750 0.000 0.000 0.0194 0.190 0.0132 0.070 0.0439 0.420 
35 0.0308 0.790 0.0255 0.830 0.000 1.000 0.000 0.000 0.000 0.000 0.0328 0.740 0.000 0.000 0.0308 0.200 0.0194 0.070 0.0335 0.400 
36 0.0218 0.800 0.018 0.840 0.000 1.000 0.000 0.000 0.000 0.000 0.0274 0.740 0.000 0.000 0.0187 0.200 0.0132 0.070 0.0482 0.420 
37 0.0255 0.790 0.020 0.830 0.000 1.000 0.000 0.000 0.000 0.000 0.0255 0.740 0.000 0.000 0.0278 0.200 0.0173 0.070 0.0316 0.410 
38 0.024 0.810 0.0194 0.840 0.000 1.000 0.000 0.000 0.000 0.000 0.0287 0.740 0.000 0.000 0.0235 0.190 0.0132 0.070 0.0427 0.420 
39 0.0255 0.790 0.0212 0.830 0.000 1.000 0.000 0.000 0.000 0.000 0.0269 0.730 0.000 0.000 0.0255 0.200 0.0158 0.070 0.0418 0.410 
40 0.0194 0.800 0.015 0.830 0.000 1.000 0.000 0.000 0.000 0.000 0.0255 0.740 0.000 0.000 0.0194 0.190 0.0132 0.070 0.0453 0.420 
41 0.0308 0.800 0.0255 0.830 0.000 1.000 0.000 0.000 0.000 0.000 0.0335 0.730 0.000 0.000 0.030 0.200 0.0173 0.070 0.0367 0.420 
42 0.024 0.800 0.0194 0.830 0.000 1.000 0.000 0.000 0.000 0.000 0.0287 0.740 0.000 0.000 0.0235 0.200 0.0132 0.070 0.0505 0.420 
43 0.0229 0.790 0.0212 0.830 0.000 1.000 0.000 0.000 0.000 0.000 0.0269 0.730 0.000 0.000 0.0255 0.200 0.0194 0.070 0.0391 0.410 
44 0.0173 0.800 0.0166 0.830 0.000 1.000 0.000 0.000 0.000 0.000 0.0274 0.730 0.000 0.000 0.018 0.200 0.0173 0.070 0.0427 0.420 
45 0.020 0.790 0.018 0.820 0.000 1.000 0.000 0.000 0.000 0.000 0.0218 0.730 0.000 0.000 0.0229 0.200 0.0173 0.070 0.0308 0.420 
46 0.0224 0.800 0.0187 0.840 0.000 1.000 0.000 0.000 0.000 0.000 0.0328 0.740 0.000 0.000 0.0187 0.200 0.0173 0.070 0.0354 0.430 
47 0.0255 0.790 0.0229 0.820 0.000 1.000 0.000 0.000 0.000 0.000 0.026 0.730 0.000 0.000 0.0278 0.210 0.0194 0.070 0.0335 0.410 
48 0.0187 0.800 0.0141 0.830 0.000 1.000 0.000 0.000 0.000 0.000 0.030 0.740 0.000 0.000 0.0194 0.200 0.0194 0.070 0.0427 0.430 
49 0.0229 0.790 0.018 0.820 0.000 1.000 0.000 0.000 0.000 0.000 0.026 0.730 0.000 0.000 0.0265 0.210 0.0194 0.070 0.0316 0.420 
50 0.0235 0.800 0.0187 0.830 0.000 1.000 0.000 0.000 0.000 0.000 0.0339 0.740 0.000 0.000 0.0235 0.200 0.0194 0.070 0.0406 0.430 
51 0.0255 0.790 0.0229 0.820 0.000 1.000 0.000 0.000 0.000 0.000 0.0292 0.730 0.000 0.000 0.0265 0.210 0.0194 0.070 0.0367 0.420 
52 0.0194 0.800 0.015 0.830 0.000 1.000 0.000 0.000 0.000 0.000 0.0296 0.740 0.000 0.000 0.0212 0.200 0.0194 0.070 0.0433 0.420 
53 0.0255 0.790 0.0229 0.820 0.000 1.000 0.000 0.000 0.000 0.000 0.0296 0.730 0.000 0.000 0.0255 0.210 0.0194 0.070 0.0384 0.420 
54 0.0194 0.800 0.0187 0.830 0.000 1.000 0.000 0.000 0.000 0.000 0.030 0.740 0.000 0.000 0.0224 0.200 0.0173 0.070 0.0433 0.420 
55 0.0255 0.790 0.0212 0.830 0.000 1.000 0.000 0.000 0.000 0.000 0.026 0.730 0.000 0.000 0.0287 0.200 0.0194 0.070 0.0367 0.420 
56 0.0194 0.800 0.0187 0.830 0.000 1.000 0.000 0.000 0.000 0.000 0.030 0.740 0.000 0.000 0.0224 0.200 0.0194 0.070 0.0433 0.420 
57 0.0229 0.790 0.018 0.830 0.000 1.000 0.000 0.000 0.000 0.000 0.0287 0.730 0.000 0.000 0.0229 0.200 0.0194 0.070 0.0367 0.420 
58 0.0194 0.800 0.015 0.830 0.000 1.000 0.000 0.000 0.000 0.000 0.0296 0.740 0.000 0.000 0.024 0.200 0.0173 0.070 0.0406 0.420 
59 0.0255 0.790 0.0212 0.830 0.000 1.000 0.000 0.000 0.000 0.000 0.026 0.730 0.000 0.000 0.0265 0.210 0.0194 0.070 0.0367 0.420 
60 0.0187 0.800 0.018 0.830 0.000 1.000 0.000 0.000 0.000 0.000 0.030 0.740 0.000 0.000 0.0187 0.200 0.0194 0.070 0.0433 0.420 
61 0.0255 0.790 0.0229 0.820 0.000 1.000 0.000 0.000 0.000 0.000 0.0292 0.730 0.000 0.000 0.0278 0.210 0.0194 0.070 0.0367 0.420 
62 0.0158 0.800 0.0122 0.840 0.000 1.000 0.000 0.000 0.000 0.000 0.0255 0.740 0.000 0.000 0.0158 0.190 0.0194 0.070 0.0433 0.420 
63 0.0255 0.790 0.0212 0.830 0.000 1.000 0.000 0.000 0.000 0.000 0.0292 0.730 0.000 0.000 0.0265 0.210 0.0194 0.070 0.0308 0.410 
64 0.0187 0.800 0.0141 0.830 0.000 1.000 0.000 0.000 0.000 0.000 0.030 0.740 0.000 0.000 0.0187 0.200 0.0194 0.070 0.0433 0.420 
65 0.0278 0.790 0.0229 0.820 0.000 1.000 0.000 0.000 0.000 0.000 0.0328 0.730 0.000 0.000 0.0278 0.210 0.0194 0.070 0.0361 0.420 
66 0.0158 0.800 0.0122 0.840 0.000 1.000 0.000 0.000 0.000 0.000 0.026 0.740 0.000 0.000 0.015 0.190 0.0194 0.070 0.0458 0.430 
67 0.0278 0.790 0.0229 0.820 0.000 1.000 0.000 0.000 0.000 0.000 0.0328 0.730 0.000 0.000 0.0278 0.210 0.0194 0.070 0.0308 0.410 
68 0.0158 0.800 0.0122 0.840 0.000 1.000 0.000 0.000 0.000 0.000 0.026 0.740 0.000 0.000 0.0173 0.200 0.0194 0.070 0.0458 0.430 
69 0.0229 0.790 0.020 0.820 0.000 1.000 0.000 0.000 0.000 0.000 0.030 0.730 0.000 0.000 0.0265 0.210 0.0194 0.070 0.0335 0.410 
70 0.0158 0.800 0.015 0.840 0.000 1.000 0.000 0.000 0.000 0.000 0.0296 0.740 0.000 0.000 0.0158 0.190 0.0194 0.070 0.0412 0.420 
71 0.0255 0.790 0.0265 0.830 0.000 1.000 0.000 0.000 0.000 0.000 0.0292 0.730 0.000 0.000 0.0265 0.210 0.0194 0.070 0.0308 0.410 
72 0.0194 0.790 0.015 0.830 0.000 1.000 0.000 0.000 0.000 0.000 0.030 0.740 0.000 0.000 0.0194 0.200 0.0194 0.070 0.0433 0.420 
73 0.0278 0.790 0.0229 0.820 0.000 1.000 0.000 0.000 0.000 0.000 0.0328 0.730 0.000 0.000 0.0278 0.210 0.0194 0.070 0.0343 0.420 
74 0.0158 0.800 0.015 0.830 0.000 1.000 0.000 0.000 0.000 0.000 0.0296 0.740 0.000 0.000 0.0194 0.190 0.0194 0.070 0.0433 0.420 
75 0.0255 0.790 0.0229 0.820 0.000 1.000 0.000 0.000 0.000 0.000 0.0328 0.730 0.000 0.000 0.0308 0.210 0.0194 0.070 0.0335 0.410 
76 0.0194 0.800 0.015 0.830 0.000 1.000 0.000 0.000 0.000 0.000 0.030 0.740 0.000 0.000 0.0194 0.200 0.0194 0.070 0.0433 0.420 
77 0.0255 0.790 0.0212 0.830 0.000 1.000 0.000 0.000 0.000 0.000 0.0364 0.730 0.000 0.000 0.0255 0.210 0.0194 0.070 0.0335 0.410 
78 0.0212 0.800 0.0173 0.840 0.000 1.000 0.000 0.000 0.000 0.000 0.026 0.740 0.000 0.000 0.0173 0.200 0.0194 0.070 0.0433 0.420 
79 0.0255 0.790 0.0229 0.820 0.000 1.000 0.000 0.000 0.000 0.000 0.030 0.730 0.000 0.000 0.0278 0.210 0.0194 0.070 0.0335 0.410 
80 0.0224 0.800 0.0187 0.840 0.000 1.000 0.000 0.000 0.000 0.000 0.0335 0.730 0.000 0.000 0.0224 0.200 0.0194 0.070 0.0433 0.420 
81 0.0255 0.790 0.0212 0.830 0.000 1.000 0.000 0.000 0.000 0.000 0.0328 0.730 0.000 0.000 0.0265 0.210 0.0224 0.070 0.0361 0.420 
82 0.018 0.800 0.0158 0.830 0.000 1.000 0.000 0.000 0.000 0.000 0.0292 0.740 0.000 0.000 0.0229 0.200 0.0194 0.070 0.0433 0.420 
83 0.0278 0.790 0.0255 0.830 0.000 1.000 0.000 0.000 0.000 0.000 0.0328 0.730 0.000 0.000 0.0265 0.210 0.0224 0.070 0.0361 0.420 
84 0.015 0.800 0.018 0.830 0.000 1.000 0.000 0.000 0.000 0.000 0.030 0.740 0.000 0.000 0.0194 0.200 0.0224 0.070 0.0433 0.420 
85 0.0278 0.790 0.0229 0.820 0.000 1.000 0.000 0.000 0.000 0.000 0.0367 0.730 0.000 0.000 0.0308 0.210 0.0224 0.070 0.0343 0.420 
86 0.018 0.800 0.0132 0.830 0.000 1.000 0.000 0.000 0.000 0.000 0.0292 0.740 0.000 0.000 0.0212 0.200 0.0224 0.070 0.0458 0.430 
87 0.0278 0.790 0.0229 0.820 0.000 1.000 0.000 0.000 0.000 0.000 0.0335 0.720 0.000 0.000 0.0278 0.210 0.0224 0.070 0.0335 0.410 
88 0.0224 0.800 0.0187 0.840 0.000 1.000 0.000 0.000 0.000 0.000 0.0335 0.730 0.000 0.000 0.0187 0.200 0.0224 0.070 0.0458 0.430 
89 0.0278 0.790 0.0255 0.820 0.000 1.000 0.000 0.000 0.000 0.000 0.0367 0.730 0.000 0.000 0.030 0.210 0.0224 0.070 0.0335 0.410 
90 0.018 0.800 0.0158 0.830 0.000 1.000 0.000 0.000 0.000 0.000 0.0324 0.730 0.000 0.000 0.0194 0.200 0.0224 0.070 0.0482 0.430 
91 0.0278 0.790 0.0255 0.830 0.000 1.000 0.000 0.000 0.000 0.000 0.0367 0.730 0.000 0.000 0.0308 0.210 0.0224 0.070 0.0361 0.420 
92 0.0224 0.790 0.0194 0.830 0.000 1.000 0.000 0.000 0.000 0.000 0.0364 0.730 0.000 0.000 0.0224 0.200 0.0224 0.070 0.0458 0.430 
93 0.0278 0.790 0.0229 0.820 0.000 1.000 0.000 0.000 0.000 0.000 0.0364 0.730 0.000 0.000 0.0255 0.210 0.0224 0.070 0.0384 0.420 
94 0.0212 0.800 0.0158 0.830 0.000 1.000 0.000 0.000 0.000 0.000 0.0339 0.740 0.000 0.000 0.0212 0.200 0.0224 0.070 0.0433 0.420 
95 0.0308 0.790 0.030 0.820 0.000 1.000 0.000 0.000 0.000 0.000 0.0406 0.720 0.000 0.000 0.0328 0.210 0.0224 0.070 0.0361 0.420 
96 0.0187 0.800 0.018 0.830 0.000 1.000 0.000 0.000 0.000 0.000 0.0374 0.730 0.000 0.000 0.0224 0.200 0.0224 0.070 0.0482 0.430 
97 0.0278 0.790 0.0229 0.820 0.000 1.000 0.000 0.000 0.000 0.000 0.0335 0.720 0.000 0.000 0.0278 0.210 0.0224 0.070 0.0367 0.420 
98 0.0212 0.800 0.0158 0.830 0.000 1.000 0.000 0.000 0.000 0.000 0.0328 0.730 0.000 0.000 0.0212 0.200 0.0224 0.070 0.0458 0.430 
99 0.0278 0.790 0.0229 0.820 0.000 1.000 0.000 0.000 0.000 0.000 0.0335 0.720 0.000 0.000 0.0278 0.210 0.026 0.070 0.0361 0.420 
100 0.0212 0.800 0.0158 0.830 0.000 1.000 0.000 0.000 0.000 0.000 0.0324 0.730 0.000 0.000 0.0194 0.200 0.0224 0.070 0.0458 0.430 
