# siatka wielkosci 50x50 r=1 p_niezam=0.0 q=1
# R()=1.0 S=0.0 T(b)=1.4 P()=0.0
# typ_agenta=CA p_typ_ag_ca=0.5 p_init_C=0.5 k_Max=4 k_Consttrue
# p_pC= 0.25 p_AllC=0.25 pAllD=0.25 p_KD0.25
# h=8 epsilon=0.001 p_wsp_dziel=0.0
# p_mut_reg_1=0.0 p_mut_reg_2=0.0 p_mut_h=0.0 p_mut_eps=0.0
# c1=0.05 c2=1 c3=0.0
# ziarno: -346443249
#
#
# Nr Iteracji %komorekC SredniDochodAgenta %komorekCA %komorekLA %KomorekZeStanemCdlaCA %KomorekZeStanemCdlaLA %komorekDzielacychDochod %komorkiCAzAll-C %komorkiCAzPC %komorkiCAzAll-D %komorkiCAzk-D %sredniaParametruH %sredniaParametruEpsilon %sredniaWartoscParametruP_C %procentZmianWChwiliQ %CA0-D %CA1-D %CA2-D %CA3-D %CA4-D %CA5-D %CA6-D %CA7-D
# Eksperyment nr 0
0 0.49 0.59 1.00 0.00 0.49 0.00 0.00 0.25 0.24 0.26 0.26 0.00 0.00 0.80 0.00 0.00 0.00 0.00 0.00 0.98 0.00 0.00 0.00
1 0.49 0.59 1.00 0.00 0.49 0.00 0.00 0.25 0.24 0.26 0.26 0.00 0.00 0.80 0.00 0.00 0.00 0.00 0.00 0.98 0.00 0.00 0.00
2 0.45 0.50 1.00 0.00 0.45 0.00 0.00 0.27 0.23 0.25 0.25 0.00 0.00 0.80 0.79 0.00 0.00 0.00 0.00 1.01 0.00 0.00 0.00
3 0.41 0.47 1.00 0.00 0.41 0.00 0.00 0.19 0.26 0.26 0.29 0.00 0.00 0.80 0.84 0.00 0.00 0.00 0.00 1.02 0.00 0.00 0.00
4 0.48 0.54 1.00 0.00 0.48 0.00 0.00 0.19 0.32 0.25 0.25 0.00 0.00 0.80 0.82 0.00 0.00 0.00 0.00 0.98 0.00 0.00 0.00
5 0.53 0.58 1.00 0.00 0.53 0.00 0.00 0.18 0.40 0.22 0.21 0.00 0.00 0.80 0.80 0.00 0.00 0.00 0.00 1.00 0.00 0.00 0.00
6 0.59 0.65 1.00 0.00 0.59 0.00 0.00 0.18 0.48 0.18 0.15 0.00 0.00 0.80 0.79 0.00 0.00 0.00 0.00 1.02 0.00 0.00 0.00
7 0.65 0.71 1.00 0.00 0.65 0.00 0.00 0.18 0.56 0.15 0.11 0.00 0.00 0.80 0.79 0.00 0.00 0.00 0.00 1.02 0.00 0.00 0.00
8 0.64 0.70 1.00 0.00 0.64 0.00 0.00 0.16 0.60 0.14 0.11 0.00 0.00 0.80 0.75 0.00 0.00 0.00 0.00 0.99 0.00 0.00 0.00
9 0.67 0.73 1.00 0.00 0.67 0.00 0.00 0.13 0.64 0.12 0.10 0.00 0.00 0.80 0.76 0.00 0.00 0.00 0.00 0.99 0.00 0.00 0.00
10 0.68 0.74 1.00 0.00 0.68 0.00 0.00 0.11 0.69 0.12 0.09 0.00 0.00 0.80 0.77 0.00 0.00 0.00 0.00 0.97 0.00 0.00 0.00
11 0.68 0.74 1.00 0.00 0.68 0.00 0.00 0.09 0.71 0.12 0.08 0.00 0.00 0.80 0.76 0.00 0.00 0.00 0.00 1.00 0.00 0.00 0.00
12 0.67 0.73 1.00 0.00 0.67 0.00 0.00 0.08 0.74 0.11 0.07 0.00 0.00 0.80 0.75 0.00 0.00 0.00 0.00 1.06 0.00 0.00 0.00
13 0.69 0.75 1.00 0.00 0.69 0.00 0.00 0.07 0.77 0.10 0.07 0.00 0.00 0.80 0.76 0.00 0.00 0.00 0.00 0.94 0.00 0.00 0.00
14 0.70 0.76 1.00 0.00 0.70 0.00 0.00 0.06 0.79 0.08 0.08 0.00 0.00 0.80 0.77 0.00 0.00 0.00 0.00 0.95 0.00 0.00 0.00
15 0.69 0.76 1.00 0.00 0.69 0.00 0.00 0.05 0.81 0.08 0.06 0.00 0.00 0.80 0.76 0.00 0.00 0.00 0.00 0.93 0.00 0.00 0.00
16 0.71 0.77 1.00 0.00 0.71 0.00 0.00 0.04 0.84 0.07 0.05 0.00 0.00 0.80 0.77 0.00 0.00 0.00 0.00 1.01 0.00 0.00 0.00
17 0.72 0.78 1.00 0.00 0.72 0.00 0.00 0.04 0.85 0.08 0.04 0.00 0.00 0.80 0.77 0.00 0.00 0.00 0.00 0.91 0.00 0.00 0.00
18 0.75 0.80 1.00 0.00 0.75 0.00 0.00 0.03 0.87 0.07 0.03 0.00 0.00 0.80 0.75 0.00 0.00 0.00 0.00 1.16 0.00 0.00 0.00
19 0.72 0.78 1.00 0.00 0.72 0.00 0.00 0.03 0.87 0.07 0.04 0.00 0.00 0.80 0.73 0.00 0.00 0.00 0.00 0.95 0.00 0.00 0.00
20 0.74 0.80 1.00 0.00 0.74 0.00 0.00 0.02 0.88 0.06 0.03 0.00 0.00 0.80 0.75 0.00 0.00 0.00 0.00 1.09 0.00 0.00 0.00
21 0.73 0.79 1.00 0.00 0.73 0.00 0.00 0.02 0.88 0.05 0.04 0.00 0.00 0.80 0.75 0.00 0.00 0.00 0.00 1.05 0.00 0.00 0.00
22 0.72 0.78 1.00 0.00 0.72 0.00 0.00 0.02 0.90 0.05 0.03 0.00 0.00 0.80 0.75 0.00 0.00 0.00 0.00 1.03 0.00 0.00 0.00
23 0.74 0.80 1.00 0.00 0.74 0.00 0.00 0.01 0.91 0.05 0.03 0.00 0.00 0.80 0.76 0.00 0.00 0.00 0.00 0.88 0.00 0.00 0.00
24 0.75 0.80 1.00 0.00 0.75 0.00 0.00 0.01 0.92 0.05 0.02 0.00 0.00 0.80 0.75 0.00 0.00 0.00 0.00 1.12 0.00 0.00 0.00
25 0.74 0.80 1.00 0.00 0.74 0.00 0.00 0.01 0.92 0.05 0.03 0.00 0.00 0.80 0.75 0.00 0.00 0.00 0.00 0.95 0.00 0.00 0.00
26 0.76 0.81 1.00 0.00 0.76 0.00 0.00 0.00 0.92 0.05 0.02 0.00 0.00 0.80 0.76 0.00 0.00 0.00 0.00 1.08 0.00 0.00 0.00
27 0.76 0.81 1.00 0.00 0.76 0.00 0.00 0.00 0.93 0.04 0.02 0.00 0.00 0.80 0.73 0.00 0.00 0.00 0.00 1.12 0.00 0.00 0.00
28 0.75 0.81 1.00 0.00 0.75 0.00 0.00 0.00 0.94 0.04 0.02 0.00 0.00 0.80 0.74 0.00 0.00 0.00 0.00 0.90 0.00 0.00 0.00
29 0.76 0.82 1.00 0.00 0.76 0.00 0.00 0.00 0.95 0.03 0.02 0.00 0.00 0.80 0.75 0.00 0.00 0.00 0.00 0.92 0.00 0.00 0.00
30 0.74 0.79 1.00 0.00 0.74 0.00 0.00 0.00 0.94 0.04 0.02 0.00 0.00 0.80 0.75 0.00 0.00 0.00 0.00 1.22 0.00 0.00 0.00
31 0.77 0.83 1.00 0.00 0.77 0.00 0.00 0.00 0.96 0.02 0.02 0.00 0.00 0.80 0.76 0.00 0.00 0.00 0.00 0.86 0.00 0.00 0.00
32 0.76 0.82 1.00 0.00 0.76 0.00 0.00 0.00 0.96 0.03 0.01 0.00 0.00 0.80 0.74 0.00 0.00 0.00 0.00 1.48 0.00 0.00 0.00
33 0.77 0.83 1.00 0.00 0.77 0.00 0.00 0.00 0.96 0.02 0.01 0.00 0.00 0.80 0.75 0.00 0.00 0.00 0.00 1.36 0.00 0.00 0.00
34 0.77 0.82 1.00 0.00 0.77 0.00 0.00 0.00 0.96 0.03 0.01 0.00 0.00 0.80 0.74 0.00 0.00 0.00 0.00 0.80 0.00 0.00 0.00
35 0.77 0.82 1.00 0.00 0.77 0.00 0.00 0.00 0.95 0.04 0.01 0.00 0.00 0.80 0.73 0.00 0.00 0.00 0.00 1.04 0.00 0.00 0.00
36 0.76 0.82 1.00 0.00 0.76 0.00 0.00 0.00 0.96 0.03 0.01 0.00 0.00 0.80 0.74 0.00 0.00 0.00 0.00 0.76 0.00 0.00 0.00
37 0.78 0.83 1.00 0.00 0.78 0.00 0.00 0.00 0.97 0.02 0.01 0.00 0.00 0.80 0.75 0.00 0.00 0.00 0.00 0.80 0.00 0.00 0.00
38 0.78 0.83 1.00 0.00 0.78 0.00 0.00 0.00 0.97 0.02 0.01 0.00 0.00 0.80 0.73 0.00 0.00 0.00 0.00 0.68 0.00 0.00 0.00
39 0.77 0.83 1.00 0.00 0.77 0.00 0.00 0.00 0.97 0.02 0.01 0.00 0.00 0.80 0.74 0.00 0.00 0.00 0.00 0.76 0.00 0.00 0.00
40 0.77 0.83 1.00 0.00 0.77 0.00 0.00 0.00 0.97 0.02 0.01 0.00 0.00 0.80 0.74 0.00 0.00 0.00 0.00 1.00 0.00 0.00 0.00
41 0.77 0.83 1.00 0.00 0.77 0.00 0.00 0.00 0.98 0.01 0.00 0.00 0.00 0.80 0.72 0.00 0.00 0.00 0.00 0.00 0.00 0.00 0.00
42 0.79 0.84 1.00 0.00 0.79 0.00 0.00 0.00 0.98 0.02 0.01 0.00 0.00 0.80 0.73 0.00 0.00 0.00 0.00 0.56 0.00 0.00 0.00
43 0.78 0.84 1.00 0.00 0.78 0.00 0.00 0.00 0.98 0.02 0.00 0.00 0.00 0.80 0.73 0.00 0.00 0.00 0.00 0.00 0.00 0.00 0.00
44 0.77 0.83 1.00 0.00 0.77 0.00 0.00 0.00 0.98 0.01 0.01 0.00 0.00 0.80 0.74 0.00 0.00 0.00 0.00 0.52 0.00 0.00 0.00
45 0.79 0.84 1.00 0.00 0.79 0.00 0.00 0.00 0.98 0.01 0.01 0.00 0.00 0.80 0.74 0.00 0.00 0.00 0.00 0.72 0.00 0.00 0.00
46 0.78 0.83 1.00 0.00 0.78 0.00 0.00 0.00 0.98 0.01 0.00 0.00 0.00 0.80 0.74 0.00 0.00 0.00 0.00 0.00 0.00 0.00 0.00
47 0.79 0.83 1.00 0.00 0.79 0.00 0.00 0.00 0.98 0.01 0.01 0.00 0.00 0.80 0.73 0.00 0.00 0.00 0.00 0.64 0.00 0.00 0.00
48 0.80 0.85 1.00 0.00 0.80 0.00 0.00 0.00 0.99 0.01 0.00 0.00 0.00 0.80 0.73 0.00 0.00 0.00 0.00 0.00 0.00 0.00 0.00
49 0.79 0.84 1.00 0.00 0.79 0.00 0.00 0.00 0.99 0.01 0.01 0.00 0.00 0.80 0.71 0.00 0.00 0.00 0.00 0.64 0.00 0.00 0.00
50 0.79 0.84 1.00 0.00 0.79 0.00 0.00 0.00 0.99 0.01 0.01 0.00 0.00 0.80 0.72 0.00 0.00 0.00 0.00 0.52 0.00 0.00 0.00
51 0.78 0.83 1.00 0.00 0.78 0.00 0.00 0.00 0.99 0.00 0.00 0.00 0.00 0.80 0.74 0.00 0.00 0.00 0.00 0.00 0.00 0.00 0.00
52 0.79 0.84 1.00 0.00 0.79 0.00 0.00 0.00 0.99 0.00 0.01 0.00 0.00 0.80 0.75 0.00 0.00 0.00 0.00 0.56 0.00 0.00 0.00
53 0.80 0.85 1.00 0.00 0.80 0.00 0.00 0.00 0.99 0.01 0.00 0.00 0.00 0.80 0.73 0.00 0.00 0.00 0.00 0.00 0.00 0.00 0.00
54 0.79 0.84 1.00 0.00 0.79 0.00 0.00 0.00 0.99 0.00 0.00 0.00 0.00 0.80 0.73 0.00 0.00 0.00 0.00 0.00 0.00 0.00 0.00
55 0.79 0.84 1.00 0.00 0.79 0.00 0.00 0.00 0.99 0.00 0.01 0.00 0.00 0.80 0.71 0.00 0.00 0.00 0.00 0.64 0.00 0.00 0.00
56 0.80 0.85 1.00 0.00 0.80 0.00 0.00 0.00 0.99 0.00 0.00 0.00 0.00 0.80 0.72 0.00 0.00 0.00 0.00 0.00 0.00 0.00 0.00
57 0.80 0.85 1.00 0.00 0.80 0.00 0.00 0.00 1.00 0.00 0.00 0.00 0.00 0.80 0.74 0.00 0.00 0.00 0.00 0.00 0.00 0.00 0.00
58 0.80 0.85 1.00 0.00 0.80 0.00 0.00 0.00 0.99 0.00 0.00 0.00 0.00 0.80 0.73 0.00 0.00 0.00 0.00 0.00 0.00 0.00 0.00
59 0.81 0.85 1.00 0.00 0.81 0.00 0.00 0.00 0.99 0.00 0.00 0.00 0.00 0.80 0.73 0.00 0.00 0.00 0.00 0.00 0.00 0.00 0.00
60 0.79 0.85 1.00 0.00 0.79 0.00 0.00 0.00 0.99 0.00 0.00 0.00 0.00 0.80 0.74 0.00 0.00 0.00 0.00 0.00 0.00 0.00 0.00
61 0.79 0.84 1.00 0.00 0.79 0.00 0.00 0.00 0.99 0.00 0.01 0.00 0.00 0.80 0.73 0.00 0.00 0.00 0.00 0.64 0.00 0.00 0.00
62 0.80 0.84 1.00 0.00 0.80 0.00 0.00 0.00 0.99 0.00 0.00 0.00 0.00 0.80 0.73 0.00 0.00 0.00 0.00 0.00 0.00 0.00 0.00
63 0.78 0.84 1.00 0.00 0.78 0.00 0.00 0.00 1.00 0.00 0.00 0.00 0.00 0.80 0.74 0.00 0.00 0.00 0.00 0.00 0.00 0.00 0.00
64 0.80 0.84 1.00 0.00 0.80 0.00 0.00 0.00 1.00 0.00 0.00 0.00 0.00 0.80 0.74 0.00 0.00 0.00 0.00 0.00 0.00 0.00 0.00
65 0.80 0.85 1.00 0.00 0.80 0.00 0.00 0.00 1.00 0.00 0.00 0.00 0.00 0.80 0.73 0.00 0.00 0.00 0.00 0.00 0.00 0.00 0.00
66 0.80 0.85 1.00 0.00 0.80 0.00 0.00 0.00 1.00 0.00 0.00 0.00 0.00 0.80 0.72 0.00 0.00 0.00 0.00 0.00 0.00 0.00 0.00
67 0.79 0.84 1.00 0.00 0.79 0.00 0.00 0.00 1.00 0.00 0.00 0.00 0.00 0.80 0.73 0.00 0.00 0.00 0.00 0.00 0.00 0.00 0.00
68 0.79 0.85 1.00 0.00 0.79 0.00 0.00 0.00 1.00 0.00 0.00 0.00 0.00 0.80 0.73 0.00 0.00 0.00 0.00 0.00 0.00 0.00 0.00
69 0.80 0.85 1.00 0.00 0.80 0.00 0.00 0.00 1.00 0.00 0.00 0.00 0.00 0.80 0.73 0.00 0.00 0.00 0.00 0.00 0.00 0.00 0.00
70 0.80 0.85 1.00 0.00 0.80 0.00 0.00 0.00 1.00 0.00 0.00 0.00 0.00 0.80 0.73 0.00 0.00 0.00 0.00 0.00 0.00 0.00 0.00
71 0.80 0.85 1.00 0.00 0.80 0.00 0.00 0.00 1.00 0.00 0.00 0.00 0.00 0.80 0.73 0.00 0.00 0.00 0.00 0.00 0.00 0.00 0.00
72 0.81 0.86 1.00 0.00 0.81 0.00 0.00 0.00 1.00 0.00 0.00 0.00 0.00 0.80 0.72 0.00 0.00 0.00 0.00 0.00 0.00 0.00 0.00
73 0.80 0.85 1.00 0.00 0.80 0.00 0.00 0.00 1.00 0.00 0.00 0.00 0.00 0.80 0.72 0.00 0.00 0.00 0.00 0.00 0.00 0.00 0.00
74 0.80 0.85 1.00 0.00 0.80 0.00 0.00 0.00 1.00 0.00 0.00 0.00 0.00 0.80 0.74 0.00 0.00 0.00 0.00 0.00 0.00 0.00 0.00
75 0.79 0.84 1.00 0.00 0.79 0.00 0.00 0.00 1.00 0.00 0.00 0.00 0.00 0.80 0.72 0.00 0.00 0.00 0.00 0.00 0.00 0.00 0.00
76 0.79 0.84 1.00 0.00 0.79 0.00 0.00 0.00 1.00 0.00 0.00 0.00 0.00 0.80 0.74 0.00 0.00 0.00 0.00 0.00 0.00 0.00 0.00
77 0.81 0.85 1.00 0.00 0.81 0.00 0.00 0.00 1.00 0.00 0.00 0.00 0.00 0.80 0.74 0.00 0.00 0.00 0.00 0.00 0.00 0.00 0.00
78 0.79 0.85 1.00 0.00 0.79 0.00 0.00 0.00 1.00 0.00 0.00 0.00 0.00 0.80 0.72 0.00 0.00 0.00 0.00 0.00 0.00 0.00 0.00
79 0.80 0.85 1.00 0.00 0.80 0.00 0.00 0.00 1.00 0.00 0.00 0.00 0.00 0.80 0.73 0.00 0.00 0.00 0.00 0.00 0.00 0.00 0.00
80 0.80 0.85 1.00 0.00 0.80 0.00 0.00 0.00 1.00 0.00 0.00 0.00 0.00 0.80 0.73 0.00 0.00 0.00 0.00 0.00 0.00 0.00 0.00
81 0.81 0.86 1.00 0.00 0.81 0.00 0.00 0.00 1.00 0.00 0.00 0.00 0.00 0.80 0.73 0.00 0.00 0.00 0.00 0.00 0.00 0.00 0.00
82 0.80 0.85 1.00 0.00 0.80 0.00 0.00 0.00 1.00 0.00 0.00 0.00 0.00 0.80 0.70 0.00 0.00 0.00 0.00 0.00 0.00 0.00 0.00
83 0.80 0.84 1.00 0.00 0.80 0.00 0.00 0.00 1.00 0.00 0.00 0.00 0.00 0.80 0.72 0.00 0.00 0.00 0.00 0.00 0.00 0.00 0.00
84 0.81 0.86 1.00 0.00 0.81 0.00 0.00 0.00 1.00 0.00 0.00 0.00 0.00 0.80 0.73 0.00 0.00 0.00 0.00 0.00 0.00 0.00 0.00
85 0.80 0.85 1.00 0.00 0.80 0.00 0.00 0.00 1.00 0.00 0.00 0.00 0.00 0.80 0.70 0.00 0.00 0.00 0.00 0.00 0.00 0.00 0.00
86 0.80 0.85 1.00 0.00 0.80 0.00 0.00 0.00 1.00 0.00 0.00 0.00 0.00 0.80 0.71 0.00 0.00 0.00 0.00 0.00 0.00 0.00 0.00
87 0.81 0.86 1.00 0.00 0.81 0.00 0.00 0.00 1.00 0.00 0.00 0.00 0.00 0.80 0.72 0.00 0.00 0.00 0.00 0.00 0.00 0.00 0.00
88 0.79 0.84 1.00 0.00 0.79 0.00 0.00 0.00 1.00 0.00 0.00 0.00 0.00 0.80 0.72 0.00 0.00 0.00 0.00 0.00 0.00 0.00 0.00
89 0.79 0.84 1.00 0.00 0.79 0.00 0.00 0.00 1.00 0.00 0.00 0.00 0.00 0.80 0.73 0.00 0.00 0.00 0.00 0.00 0.00 0.00 0.00
90 0.79 0.84 1.00 0.00 0.79 0.00 0.00 0.00 1.00 0.00 0.00 0.00 0.00 0.80 0.74 0.00 0.00 0.00 0.00 0.00 0.00 0.00 0.00
91 0.79 0.85 1.00 0.00 0.79 0.00 0.00 0.00 1.00 0.00 0.00 0.00 0.00 0.80 0.75 0.00 0.00 0.00 0.00 0.00 0.00 0.00 0.00
92 0.80 0.85 1.00 0.00 0.80 0.00 0.00 0.00 1.00 0.00 0.00 0.00 0.00 0.80 0.73 0.00 0.00 0.00 0.00 0.00 0.00 0.00 0.00
93 0.80 0.85 1.00 0.00 0.80 0.00 0.00 0.00 1.00 0.00 0.00 0.00 0.00 0.80 0.73 0.00 0.00 0.00 0.00 0.00 0.00 0.00 0.00
94 0.80 0.85 1.00 0.00 0.80 0.00 0.00 0.00 1.00 0.00 0.00 0.00 0.00 0.80 0.73 0.00 0.00 0.00 0.00 0.00 0.00 0.00 0.00
95 0.80 0.85 1.00 0.00 0.80 0.00 0.00 0.00 1.00 0.00 0.00 0.00 0.00 0.80 0.73 0.00 0.00 0.00 0.00 0.00 0.00 0.00 0.00
96 0.79 0.84 1.00 0.00 0.79 0.00 0.00 0.00 1.00 0.00 0.00 0.00 0.00 0.80 0.73 0.00 0.00 0.00 0.00 0.00 0.00 0.00 0.00
97 0.80 0.85 1.00 0.00 0.80 0.00 0.00 0.00 1.00 0.00 0.00 0.00 0.00 0.80 0.73 0.00 0.00 0.00 0.00 0.00 0.00 0.00 0.00
98 0.79 0.85 1.00 0.00 0.79 0.00 0.00 0.00 1.00 0.00 0.00 0.00 0.00 0.80 0.73 0.00 0.00 0.00 0.00 0.00 0.00 0.00 0.00
99 0.80 0.85 1.00 0.00 0.80 0.00 0.00 0.00 1.00 0.00 0.00 0.00 0.00 0.80 0.74 0.00 0.00 0.00 0.00 0.00 0.00 0.00 0.00
100 0.79 0.84 1.00 0.00 0.79 0.00 0.00 0.00 1.00 0.00 0.00 0.00 0.00 0.80 0.72 0.00 0.00 0.00 0.00 0.00 0.00 0.00 0.00
